0 0 1 2 3 4 5 6 7 8 9
1 10 11 12 13 14
2 15 16
3 17 18 19 20 21 22 23
4 24 25 26 27 28 29 30 31 32 33 34 35 36 37 38 39 40 41
5 42 43 44 45 46 47 48 49 50 51 52 53 54 55 56 57 58 59 60
6 61 62 63
7 64 65 66 67 68 69 70 71 72 73 74 75 76 77 78 79 80 81 82 83 84
8 85
9 86 87 88 89 90 91
10 92 93
11 94 95
12 96 97 98 99 100 101 102 103 104 105 106 107 108 109 110 111 112 113 114 115 116 117 118 119 120 121 122 123 124 125 126 127 128 129 130 131 132 133 134 135 136 137 138 139 140 141 142 143 144 145 146 147 148 149 150 151 152 153 154 155 156 157 158 159 160 161 162 163 164 165 166 167 168 169 170 171 172 173 174 175 176 177 178 179 180 181 182 183
13 184 185 186 187 188 189 190 191 192
14 193 194 195 196 197
15 198 199 200 201 202
16 203
17 204 205 206 207 208 209 210 211 212 213
18 214 215 216
19 217 218 219 220 221 222 223 224 225 226 227 228 229
20 230 231
21 232 233 234 235 236
22 237
23 238 239 240 241
24 242 243 244 245 246 247
25 248 249 250
26 251 252
27 253 254 255 256 257 258 259 260 261 262 263 264 265 266 267 268
28 269 270 271 272 273 274 275 276 277 278 279 280 281 282 283
29 284 285
30 286
31 287
32 288 289 290
33 291 292 293 294 295 296 297
34 298 299 300
35 301 302 303 304 305 306 307
36 308
37 309 310 311 312 313 314 315 316 317 318 319 320
38 321
39 322 323 324 325 326
40 327 328 329 330 331 332 333
41 334 335 336
42 337 338
43 339 340 341 342 343 344 345 346 347 348 349
44 350
45 351 352
46 353
47 354
48 355 356 357 358 359
49 360
50 361
51 362 363
52 364 365
53 366 367 368 369 370 371
54 372
55 373
56 374 375
57 376
58 377 378
59 379
60 380
61 381 382
62 383
63 384 385
64 386
65 387 388
66 389 390
67 391 392
68 393
69 394
70 395
71 396
72 397 398
73 399 400 401 402
74 403
75 404
76 405
77 406
78 407
79 408 409 410
80 411
81 412
82 413 414 415 416 417
83 418
84 419
85 420 421
86 422
87 423
88 424 425 426
89 427
90 428
91 429
92 430
93 431
94 432 433 434
95 435
96 436 437
97 438
98 439 440
99 441
100 442 443
101 444
102 445 446
103 447 448 449 450 451 452 453
104 454 455
105 456 457 458
106 459
107 460
108 461
109 462
110 463 464
111 465
112 466 467
113 468
114 469
115 470 471
116 472 473
117 474 475
118 476 477
119 478
120 479
121 480
122 481
123 482
124 483 484 485
125 486
126 487 488 489
127 490
128 491
129 492
130 493
131 494
132 495
133 496
134 497
135 498
136 499
137 500
138 501 502
139 503 504 505
140 506
141 507
142 508
143 509 510
144 511
145 512 513
146 514
147 515
148 516
149 517
150 518
151 519
152 520
153 521
154 522
155 523
156 524
157 525
158 526
159 527
160 528
161 529
162 530
163 531 532
164 533
165 534
